SM:2021-09-19T19:56:37.3544323Z
LM:2021-09-19T20:01:43.5293320Z
CT:image/jpeg
MA:2592000
CL:70088
