SM:2021-09-19T19:56:37.4165717Z
LM:2021-09-19T20:01:43.4530127Z
CT:image/jpeg
MA:2592000
CL:49427
