SM:2021-09-19T19:56:37.3544323Z
LM:2021-09-19T19:57:20.1917490Z
CT:image/jpeg
MA:2592000
CL:1093856
