SM:2021-09-19T19:56:37.3764235Z
LM:2021-09-19T19:56:41.3230474Z
CT:image/jpeg
MA:2592000
CL:516667
