SM:2021-09-19T19:56:37.3764235Z
LM:2021-09-19T20:01:43.1713651Z
CT:image/jpeg
MA:2592000
CL:21958
